# generating vertical slices
cube100:
  dims: [0.001, 1, 2.5]
  pose: [1.2, 1.4, -0.4, 0.5, 0.5, 0.5, -0.5]
cube101:
  dims: [0.001, 1, 2.5]
  pose: [1.2, 1.4, -0.17140000000000002, 0.5, 0.5, 0.5, -0.5]
cube102:
  dims: [0.001, 1, 2.5]
  pose: [1.2, 1.4, 0.05719999999999997, 0.5, 0.5, 0.5, -0.5]
cube103:
  dims: [0.001, 1, 2.5]
  pose: [1.2, 1.4, 0.28579999999999994, 0.5, 0.5, 0.5, -0.5]
cube104:
  dims: [0.001, 1, 2.5]
  pose: [1.2, 1.4, 0.5144, 0.5, 0.5, 0.5, -0.5]

# generating horizontal slices
cube105:
  dims: [1, 1, 0.001]
  pose: [1.2, 0.34, 0.05, 0.5, 0.5, 0.5, -0.5]
cube106:
  dims: [1, 1, 0.001]
  pose: [1.2, 0.56225, 0.05, 0.5, 0.5, 0.5, -0.5]
cube107:
  dims: [1, 1, 0.001]
  pose: [1.2, 0.7019500000000001, 0.05, 0.5, 0.5, 0.5, -0.5]
cube108:
  dims: [1, 1, 0.001]
  pose: [1.2, 0.8924500000000001, 0.05, 0.5, 0.5, 0.5, -0.5]
cube109:
  dims: [1, 1, 0.001]
  pose: [1.2, 1.04485, 0.05, 0.5, 0.5, 0.5, -0.5]
cube110:
  dims: [1, 1, 0.001]
  pose: [1.2, 1.1591500000000001, 0.05, 0.5, 0.5, 0.5, -0.5]
cube111:
  dims: [1, 1, 0.001]
  pose: [1.2, 1.3814000000000002, 0.05, 0.5, 0.5, 0.5, -0.5]
cube112:
  dims: [1, 1, 0.001]
  pose: [1.2, 1.5084000000000002, 0.05, 0.5, 0.5, 0.5, -0.5]
cube113:
  dims: [1, 1, 0.001]
  pose: [1.2, 1.6608, 0.05, 0.5, 0.5, 0.5, -0.5]
cube114:
  dims: [1, 1, 0.001]
  pose: [1.2, 1.7878, 0.05, 0.5, 0.5, 0.5, -0.5]
cube115:
  dims: [1, 1, 0.001]
  pose: [1.2, 2.01005, 0.05, 0.5, 0.5, 0.5, -0.5]
cube116:
  dims: [1, 1, 0.001]
  pose: [1.2, 2.1370500000000003, 0.05, 0.5, 0.5, 0.5, -0.5]
cube117:
  dims: [1, 1, 0.001]
  pose: [1.2, 2.2894500000000004, 0.05, 0.5, 0.5, 0.5, -0.5]
cube118:
  dims: [1, 1, 0.001]
  pose: [1.2, 2.5688500000000003, 0.05, 0.5, 0.5, 0.5, -0.5]

# generating back slice
cube119:
  dims: [1, 0.001, 2.5]
  pose: [0.845, 1.35, 0.05, 0.5, 0.5, 0.5, -0.5]

# generating left bar
cube120:
  dims: [0.05, 0.001, 2.5]
  pose: [0.695, 1.35, -0.39, 0.5, 0.5, 0.5, -0.5]

# generating right bar
cube121:
  dims: [0.05, 0.001, 2.5]
  pose: [0.695, 1.35, 0.506, 0.5, 0.5, 0.5, -0.5]

# generating top bar
cube122:
  dims: [1, 0.001, 0.05]
  pose: [0.7, 2.6, 0.05, 0.5, 0.5, 0.5, -0.5]

# generating bottom bar
cube123:
  dims: [1, 0.001, 0.05]
  pose: [0.6817, 0.27, 0.05, 0.5, 0.5, 0.5, -0.5]
